38.13
38.13
38.13
38.13
38.13
38.13
38.13
38.13
38.13
38.13
38.13
38.13
38.13
38.13
38.13
38.13
38.13
38.13
38.13
38.13
38.13
38.13
38.13
38.13
38.13
38.13
38.13
38.13
38.13
38.13
38.13
38.13
38.13
38.13
38.13
38.13
38.13
38.13
38.13
38.13
38.13
38.13
38.13
38.13
38.13
38.13
38.13
38.13
38.13
38.13
38.13
38.13
38.13
38.13
38.13
38.13
38.13
38.13
38.13
38.13
38.13
38.13
38.13
38.13
38.13
38.13
38.13
38.13
38.13
38.13
38.13
38.13
38.13
38.13
38.13
38.13
38.13
38.13
38.13
38.13
38.13
38.13
38.13
38.13
38.13
38.13
38.13
38.13
38.13
38.13
38.13
38.13
38.13
38.13
38.13
38.13
38.13
38.13
38.13
38.13
38.13
38.13
38.13
38.13
38.13
38.13
38.13
38.13
38.13
38.13
38.13
38.13
38.13
38.13
38.13
38.13
38.13
38.13
38.13
38.13
38.13
38.13
38.13
38.13
38.13
38.13
38.13
38.13
38.13
38.13
38.13
38.13
38.13
38.13
38.13
38.13
38.13
38.13
38.13
38.13
38.13
38.13
38.13
38.13
38.13
38.13
38.13
38.13
38.13
38.13
38.13
38.13
38.13
38.13
38.13
38.13
38.13
38.13
38.13
38.13
-10.58
-8.69
-6.81
-6.81
-6.81
-6.81
-2.06
-1.39
-1.15
-0.55
-0.28
0.09
0.43
0.71
0.85
0.91
1.37
1.54
1.59
1.95
2.16
2.29
2.43
2.78
2.71
2.81
2.97
2.83
2.84
2.86
3.08
2.92
2.97
2.9
3.07
2.92
3.02
3.1
2.96
2.89
2.9
2.96
2.79
2.73
2.67
2.55
2.69
2.72
2.56
2.67
2.76
2.93
2.79
2.91
2.83
2.89
2.74
2.71
2.88
3.07
2.78
2.74
2.68
2.75
2.85
2.73
2.52
2.46
2.6
3.17796707
3.17796707
3.17796707
3.17796707
3.17796707
-8.91595244
-8.53159189
-8.53159189
-8.53159189
-8.53159189
-8.53159189
-9.0634203
-9.0634203
-9.2008245
-8.94069314
-8.94069314
-8.94069314
-8.94069314
-9.04345393
-9.04345393
-9.04345393
-9.04345393
-9.04345393
-9.34660792
-8.99032474
-9.01031256
-9.01031256
-9.01031256
-9.01031256
-9.01031256
-9.01031256
-9.01031256
-9.01031256
-9.01031256
-9.01031256
-9.01031256
-9.27964926
-9.4656229
-9.4656229
-9.4656229
-9.4656229
-9.4656229
-9.4656229
-8.51172209
-9.30126786
-8.61192942
-8.61192942
-9.27513242
-9.27513242
-9.27513242
-9.82094049
-9.43404794
-9.36385989
-9.36385989
-9.08654094
-8.88428092
-8.88428092
-8.88428092
-8.77184272
-8.77184272
-8.77184272
-8.97625923
-8.9245677
-8.9245677
-8.9245677
-9.09154058
-9.05889273
-8.94339681
-8.94339681
-8.94339681
-8.94339681
-8.94339681
-8.94339681
-9.3005383
-9.3005383
-9.3005383
-9.3005383
-9.3005383
-9.3005383
-9.91860509
-8.99309278
-9.04526711
-9.19614673
-8.79518867
-10.88010192
-10.88010192
-13.32695246
-13.32695246
-9.31751132
-9.22049046
-8.72531176
-8.81230116
-8.81230116
-8.81230116
-8.81230116
-8.81230116
-8.64997387
-8.64997387
-8.82628083
-8.82628083
-8.82628083
-8.88666272
-9.65166092
-9.96972799
-9.96972799
-9.96972799
-9.96972799
-8.8569653
-8.8086319
-8.8086319
-9.00112867
-9.00112867
-9.00112867
-9.00112867
-7.76814938
-7.76814938
-9.09351468
-9.76250052
-9.04867887
-9.3432498
-9.05118942
-9.05118942
-9.05118942
-9.05118942
-9.05118942
-9.05118942
-8.53470325
-8.79444838
-8.88082623
-9.09465194
-4.40226674
-9.5442009
-16.29732728
-7.74730325
-7.74730325
-7.74730325
-7.74730325
-9.10951138
-9.10951138
-9.10951138
-9.19378638
-9.19378638
-9.19378638
-9.19378638
-9.19378638
-9.19378638
-9.01794076
-9.01794076
-9.01794076
-9.01794076
-9.01794076
-9.01794076
-9.01794076
-9.03082609
-9.03082609
-9.03082609
-9.03082609
-9.03082609
-4.15417314
-4.15417314
-4.15417314
-4.15417314
-4.15417314
-9.13464904
-9.05268073
-9.06389236
-10.29005885
-10.29005885
-10.29005885
-10.29005885
-10.29005885
-9.1908145
-9.1908145
-8.81884575
-8.81884575
-8.74532104
-8.74532104
-8.74532104
-8.74532104
-13.54134679
-12.02051282
-9.52324748
-10.16758919
-10.62388659
-10.62388659
-9.27648425
-9.27648425
-9.27648425
-13.74660015
-13.74660015
-8.00090075
-9.79209065
-9.90597725
-9.90597725
-9.15359616
-8.82175326
-9.41620588
-11.76018834
-7.7361989
-7.9133749
-11.81818843
-11.42243385
-11.42243385
-8.05202365
-11.37930393
-11.37930393
-7.09775805
-6.83722973
-4.92520094
-5.69804192
-9.5163703
-8.14901233
-7.87365675
-7.19340563
-6.72984481
-8.72061253
-8.3054173
-8.3054173
-14.25803304
-9.6800065
-9.09971595
-9.09971595
-9.09971595
-8.81863117
-8.81863117
-9.51181054
-7.9180634
-7.9180634
-9.12703156
-12.0312202
-8.48964214
-8.48964214
-8.48964214
-8.48964214
-9.4696784
-9.4696784
-9.4696784
-8.96971464
-8.96971464
-6.57890081
-5.1829505
-4.42243695
-6.79286599
-16.57041907
-18.90450954
-18.90450954
-18.90450954
-10.9696126
-8.26776981
-8.26776981
-8.26776981
-8.26776981
-8.26776981
-8.26776981
-7.92112112
-9.61565495
-8.18870902
-9.24226999
-10.65704942
-10.16437054
-8.98366213
-8.98366213
-8.98366213
-8.98366213
-8.98366213
-9.2923522
-8.7988472
-8.7988472
-8.7988472
-4.02832389
-4.02832389
-4.02832389
-4.02832389
-14.89683867
-14.89683867
-8.52652788
-8.52652788
-8.52652788
-8.52652788
-8.52652788
-9.31453943
-9.08244252
-12.98087239
-7.23750114
-7.44982481
-9.36994314
-9.03146982
-10.48208356
-10.10149956
-10.34798384
-9.03322935
-9.6775496
-9.63949442
-9.85752583
-15.58696032
-15.58696032
-9.97776389
-7.24402428
-7.24402428
-3.13513756
-11.06904745
-10.70495367
-10.70495367
-13.63264918
-10.67319632
-10.30380249
-10.06100893
-10.58428645
-10.58428645
-10.58428645
-10.5473578
-9.60547328
-9.00817752
-11.06802821
-8.70622516
-8.421911
-6.83389306
-5.91934562
-13.85952115
-16.27838016
-11.81430459
-7.26078272
-10.20868063
-10.17331839
-9.17392731
-7.16990948
-5.86935997
-5.86935997
-2.012676
56.2066555
42.00017452
42.45930433
37.0285821
39.73207712
39.73207712
33.53426456
33.53426456
33.53426456
39.98152256
39.97991323
26.61899328
48.18079948
36.28376484
37.34025478
36.14225149
35.17845869
35.17845869
35.17845869
35.17845869
35.17845869
35.17845869
35.17845869
-23.1342566
-20.41506529
-20.41506529
-6.40652061
0.15586853
0.78616619
0.78616619
0.78616619
0.78616619
0.78616619
-8.75220895
-8.75220895
-8.59345436
-8.94349337
-9.23582196
-9.23582196
-8.30518126
-13.11085224
-4.73482847
-10.63022733
-9.71063733
-7.1025002
-8.07271957
-9.21682119
-9.74946499
-12.62280822
-6.00299835
-3.6865139
-10.11689544
-10.16835093
-10.16835093
-9.62487102
-5.21961093
22.21231699
22.21231699
22.21231699
52.20233202
32.8582406
35.06902456
35.06902456
42.11615324
36.33644342
36.33644342
36.33644342
34.91849899
33.88183594
33.88183594
42.63366938
33.63408566
35.91192484
37.95935154
37.95935154
23.89221668
38.08436394
37.79736757
37.79736757
-5.89721203
-11.85185552
-5.54011345
-8.46095324
-8.46095324
-8.23076606
-6.10247612
-21.64646745
-8.99203062
-7.73702502
-8.94483447
-11.38853073
-11.38853073
-11.26426935
-9.66682076
-9.36556578
-9.36556578
-9.23142314
-10.24802327
-9.17079449
-12.17103839
-8.6655736
-8.74518156
-10.19493699
-8.81847024
-9.94364619
-5.41450024
-12.75849581
-17.32453823
-7.28066325
-7.28066325
-7.28066325
-12.71175027
-9.75591302
-8.88409853
-9.876827
-6.49316669
-6.49316669
-9.00555968
-9.41319108
-9.41319108
-9.1908145
-6.84785128
-9.02478576
-8.93596172
-10.69734693
-3.29716444
-3.28305602
-3.28305602
-9.67935205
-9.02951717
-6.58946872
-11.95265293
-3.06247115
-9.78456974
-11.10570788
-11.67883158
-13.60187888
-11.79935932
-3.58412862
-32.11081624
5.46327353
30.51491261
5.55459738
-7.20195651
-17.07008243
-16.83182716
-6.16537929
-13.6247313
-9.07269001
-13.90979648
-13.90979648
-12.47522235
-12.47522235
-9.78060007
-9.78060007
-10.05676031
-10.57579994
-13.74742627
-11.56010628
-8.23323369
-8.23323369
-8.23323369
-8.23323369
-15.66932559
-10.47624707
-10.47624707
-9.12060499
-7.31301069
-12.96029449
-12.85104275
-11.38302684
-6.90956354
-20.15895724
-20.15895724
-14.06842232
-14.06842232
-7.45836496
-6.65112734
-10.0799346
-10.08985877
-8.06716204
-9.15724397
-9.15724397
-8.66996169
-7.7663362
-7.7663362
-7.7663362
-8.48171353
-8.6675477
-8.6675477
-8.6675477
-8.6675477
-8.6675477
-8.4901464
-8.4901464
-8.36712956
-8.85626793
-8.85626793
-8.85626793
-8.85626793
-8.85626793
-8.85626793
-8.86173964
-7.97135353
-7.97135353
-7.97135353
-7.97135353
-7.97135353
-9.44138646
-9.44138646
-9.44138646
-9.44138646
-9.44138646
-9.44138646
-9.44138646
-9.44138646
-9.44138646
-9.44138646
-9.44138646
-9.44138646
-9.44138646
-8.7539041
-5.44671893
-7.99069762
-7.99069762
-8.71730804
-8.71730804
-8.90102863
-8.53357673
-9.47403431
-8.84699821
-8.56574178
-8.52753639
-8.56941104
-8.47491145
-8.47491145
-8.47491145
-8.47491145
-8.47491145
-8.58391643
-8.86814475
-8.23600173
-8.23600173
-8.23600173
-8.13743591
15.98976374
23.09817553
23.09817553
23.09817553
23.09817553
35.3109169
35.3109169
36.39774799
36.39774799
36.39774799
36.39774799
36.39774799
36.39774799
36.39774799
36.39774799
36.39774799
36.39774799
36.39774799
36.39774799
35.13148785
34.95654345
35.04971266
34.871099
34.871099
34.871099
34.72091675
34.88665581
34.88665581
34.88665581
34.77496862
34.77496862
34.77496862
34.77496862
34.77496862
34.77496862
34.77496862
34.77496862
34.77496862
34.77496862
34.77496862
34.77496862
34.77496862
34.77496862
34.77496862
34.77496862
34.77496862
34.77496862
34.77496862
34.77496862
34.77496862
35.21731853
35.21731853
35.21731853
35.21731853
35.21731853
35.21731853
35.27742147
35.27742147
35.27742147
35.27742147
35.27742147
35.48526049
35.62934875
35.62934875
35.62934875
38.61464739
35.62572241
35.71794748
39.75932837
34.06860352
31.31386757
32.480371
38.94951582
31.70755148
33.5652709
30.93059063
40.1483345
40.1483345
32.41262913
35.09895802
37.0656395
28.84842396
40.58128595
39.04341459
39.04341459
39.04341459
39.04341459
39.04341459
39.04341459
39.04341459
35.38627625
35.12923479
33.89316559
33.33030939
33.90443087
33.90443087
33.90443087
33.90443087
33.90443087
33.90443087
35.68694115
36.10259771
36.0274744
35.9076333
35.50723314
35.50723314
38.13790083
38.13790083
38.13790083
37.48595238
37.48595238
35.51641703
37.24219322
31.26799107
30.52173615
34.45971251
34.45971251
34.45971251
34.45971251
34.44949865
33.44839096
32.58386135
36.28123283
32.77262449
35.45517683
39.28234577
35.76403856
38.44717026
35.12140274
35.12140274
35.12140274
35.43234587
35.43234587
35.04941225
35.04941225
35.80631018
36.33311749
33.35075855
32.93396473
36.26825094
36.26825094
35.75886726
36.4461565
40.41071892
44.40583706
35.79047441
36.73398972
35.7358861
35.04632235
34.30262089
33.71472359
33.71472359
43.73981237
33.18838835
35.92589378
50.36347389
32.79000521
32.79000521
32.79000521
35.87353706
35.87353706
35.87353706
35.17989635
35.17989635
35.17989635
36.16214275
36.42759562
32.47198105
31.86239004
39.09577131
39.09577131
39.09577131
39.09577131
35.83023548
33.17469835
32.885921
32.885921
34.14331913
34.14331913
39.24629688
36.8943429
36.8943429
34.28330898
34.16653633
36.79055214
36.5735507
36.5735507
35.36494732
35.36494732
35.36494732
35.20665407
35.22040844
35.5120182
35.37825108
35.27154207
36.20864153
37.02317476
37.02317476
42.65768051
42.98514605
33.10146332
33.10146332
33.10146332
33.10146332
33.10146332
34.04412031
33.9399004
35.01437187
30.43622732
30.43622732
51.12974882
32.93462992
40.03784895
31.68954849
36.33524179
35.66921711
35.66921711
33.43412161
33.43412161
33.43412161
35.10116816
35.10116816
28.55917454
40.07409096
41.17047071
53.37295532
42.34521389
42.34521389
34.82438564
32.82837152
32.58907557
32.27276802
37.18211174
37.36902952
37.55736351
33.44352007
33.47008467
35.7226038
33.34670305
33.17639351
33.85329723
32.04664707
37.97956467
34.0519309
35.54645777
35.54645777
35.54645777
32.71490335
34.6725297
34.78067636
35.30207634
36.21552944
35.69410801
33.25660229
34.90946531
35.80519438
35.42869806
35.78186989
43.36492538
31.85406446
34.37128544
34.37128544
34.08870935
33.02561045
33.02561045
29.5996356
31.87627316
31.87627316
27.45476961
27.45476961
29.00010824
33.13525915
34.87189293
34.87189293
34.87189293
32.16200352
31.85522318
39.7167778
39.7167778
30.14747143
30.14747143
30.14747143
48.81382227
51.17038965
32.82663345
32.82663345
40.33806324
41.69832945
30.69768906
36.91653013
36.91653013
36.91653013
36.91653013
36.91653013
37.69207478
44.39403534
44.39403534
31.3943553
36.39285564
35.56383848
35.56383848
35.12811899
35.12811899
31.8537426
34.81170416
37.79013634
36.58451557
31.6372776
35.00729084
35.00729084
33.44231844
32.6432991
32.6432991
32.6432991
36.00309849
36.00309849
32.53534555
32.53534555
34.90427256
37.97604561
37.97604561
37.97604561
38.44053984
38.51639271
34.146173
49.12950754
43.33381176
44.50876951
43.48665476
-6.57699108
-8.13991427
-8.14901233
-8.68916631
-8.68916631
-8.39697719
-8.39697719
-8.39697719
-8.0776763
-8.0776763
-8.7524879
-8.51768732
-8.45530987
-8.2529211
-8.2529211
-8.2529211
-8.2529211
-8.66218328
-8.66218328
-8.68477821
-8.58994603
-8.50199103
-8.50199103
-8.50199103
-8.35261345
-8.35261345
-8.35261345
-8.439399
-8.439399
-8.439399
-8.439399
-8.439399
-8.439399
-8.18053365
-8.18053365
-8.36615324
-8.0542767
-8.17822695
-8.17822695
-8.65226984
-8.65226984
-8.65226984
-8.56955051
-8.43242526
-8.46052408
-8.53166699
-8.50877166
-8.50877166
-8.50877166
-8.65409374
-7.84762859
-7.84762859
-7.84762859
-7.84762859
-7.84762859
-7.84762859
-7.84762859
-7.84762859
-7.84762859
-7.84762859
-7.84762859
-7.84762859
-7.84762859
-7.84762859
-7.84762859
-7.84762859
-7.84762859
-8.1101203
-8.1101203
-8.1101203
-8.1101203
-8.31365705
-8.58605146
-8.58605146
-8.29782128
-8.8934648
-8.07124972
-8.61170411
-8.8064003
-8.8064003
-8.8064003
-8.8064003
-8.8064003
-8.8064003
-8.8064003
-8.8064003
-8.8064003
-8.8064003
-8.8064003
-8.8064003
-8.8064003
-8.8064003
-8.8064003
-8.8064003
-8.8064003
-8.8064003
-8.8064003
-8.68621588
-8.78399849
-8.43975306
-8.65670085
-8.39927316
-8.09313655
-8.09313655
-8.09313655
-8.09313655
-8.09313655
-8.09313655
-8.09313655
-8.59133005
-8.09759974
-8.09759974
-8.09759974
-8.09759974
-8.09759974
-8.44423771
-8.44423771
-8.83099079
-8.83099079
-8.83099079
-8.83099079
-8.01418304
-8.01418304
-8.75603914
-8.75603914
-7.88452506
-7.88452506
-7.88452506
-8.32248688
-8.5180521
-8.09607625
-8.09607625
-8.09607625
-8.09607625
-8.09607625
-8.09607625
-8.09607625
-8.09607625
-8.09607625
-8.09607625
-8.09607625
-8.09607625
-8.09607625
-8.59267116
-8.53321195
-8.36777329
-8.36777329
-8.36777329
-8.53056192
-8.53056192
-8.53056192
-8.53056192
-8.53056192
-8.53056192
-8.53056192
-8.53056192
-8.53056192
-8.53056192
-8.53056192
-8.53056192
-8.53056192
-8.53056192
-8.40265274
-8.40060353
-8.20568204
-8.66991878
-8.66991878
-8.51417899
-8.51417899
-8.51417899
-8.51417899
-8.51417899
-8.27124596
-8.52738619
-8.52738619
-8.25836062
-8.76070619
-8.76070619
-8.76070619
-8.76070619
