-4.30725722778146
-7.630603277513197
-10.69515573608187
-13.623183403325953
-16.384759430979102
-18.975617250386478
-21.35371785598733
-23.48215620614888
-25.338754246007973
-26.91085469665752
-28.186183267766808
-29.1358795141416
-29.732384748507325
-29.989934356860402
-29.893810311757328
-29.449146312232738
-28.667449934523752
-27.563821730697107
-26.139483557845413
-24.426353818645623
-22.419699648690283
-20.171230771022316
-17.68355992323891
-14.988059648159437
-12.131841201412314
-9.137328823280438
0.2945836552434954
3.481956310872816
6.63293221965508
9.714536621714734
12.691091286711487
15.51701715380511
18.171051753184106
20.61026762972328
22.82722343400279
24.77253315109008
26.438404701919424
27.806325736688528
28.845539116613942
29.561720019418072
29.937915970254195
29.97357541880119
29.6710184518577
29.028098395938166
28.0506191813961
26.756534077378358
25.168291868649977
23.24244849179786
21.06748308677018
18.665315290946868
16.041563829418774
13.25005379409428
4.142790481355017
0.9418678794094558
-2.2667722100648566
-5.461847914394095
-8.584821747671768
-11.612290654238004
-14.500869559604958
-17.2285720374038
-19.751256323754117
-22.05685953560155
-24.106691708797477
-25.879502976671205
-27.349830390331938
-28.5122885219811
-29.347135814930432
-29.844152720063892
-29.999583774522808
-29.810679113533322
-29.28130558700645
-28.419478141667117
-27.229024267319186
-25.730531987903532
-23.944916968338845
-21.87896799938757
-19.55557038072315
-17.036487356428793
-14.283559612197347
-11.38721190550159
-8.345493201994927
-5.205752903617372
-2.012002901542414
1.2055691051851893
4.50034256085006
7.664399399367619
10.727807773425967
13.664921966405005
16.42927034207811
19.043484274608026
21.43942928176246
23.5545734923783
25.404538337795067
26.959617736554407
28.21543725181376
29.142832918205304
29.739990941720272
29.990519717374983
29.89713890454463
29.46089223087348
28.68563383222242
27.582023920008105
26.14364711753579
24.403902658214502
22.402360968663757
20.144943313460388
17.626900395221096
14.924609111838977
12.015943758803049
9.025642492365446
5.899175204332884
2.732548463286692
-0.499715643995784
-3.7105795782340683
-6.912365687126922
-9.973625948463184
-12.94347620504314
-15.776199135137228
-18.403292866677578
-20.82642088805931
-23.021231987514874
-24.93142964126618
-26.56484913018641
-27.914478941857226
-28.93127660392116
-29.61451405696931
-29.959474613037514
-29.95541756274649
-29.610860887603117
-28.92772918569458
-27.90034377962258
-26.55259096125129
-24.889759207450915
-22.958172483237473
-20.76836790646486
-18.341800838980102
-15.692748161601198
-12.86587305928545
-9.87338756944628
-6.793659494938377
-3.6519374243338016
-0.45633677705276754
2.7444732845456605
5.944781469585818
9.096954178932533
12.110326021389824
14.94860897812886
17.636598876831215
20.12120175228866
22.37688355350895
24.391153737251404
26.10817536593576
27.538623736124446
28.653273765622618
29.439524603046635
29.886016695230662
29.993867769974084
29.756087130294457
29.182876095946913
21.648157995842976
23.745056224786836
25.58591884173186
27.11956738787855
28.341143308196564
29.224936816561346
29.781474053403766
29.99711685463708
29.867055424461633
29.39036339031389
28.57364060146888
27.42778001628069
25.955142733339617
24.171596139379144
22.11385302838722
19.800409612341902
17.261486612948868
14.522297402111386
11.597240353179584
8.539065374612166
5.401896434022085
2.1872167047553894
-7.303568377650597
-10.384911586909812
-13.360299351518222
-16.16919451889359
-18.793309468225353
-21.208273453956256
-23.351615473527634
-25.24690829667692
-26.84197129121251
-28.12621352601329
-29.08707867825597
-29.710038509523454
-29.985228138483542
-29.912768973054774
-29.489905247108943
-28.704514165337127
-27.600031811128538
-26.169872029220247
-24.433181597378695
-22.413387993179477
-20.147133035876777
-17.66488318366829
-14.939460844538571
-12.041941540337046
-9.014580707213062
-5.919158297565072
-2.6854741978051293
0.5751054871110468
3.7822936024084184
6.976561676735298
15.793866725046716
23.008268224226242
24.966337172689514
26.60476678731527
27.939209930314718
28.957340317815415
29.63704462103434
29.96446141468505
28.904679547252396
24.895811733828612
22.948962920793264
20.719453278833424
18.26325900322071
15.586711345025629
12.72507474760366
9.711390272138493
6.592911283323267
3.3943726197171142
-24.51666797852112
-26.232537529481615
-27.647090592486784
-28.730516508615846
-29.491650778876686
-29.910364688365814
-29.986195076846556
-29.71781806255665
-29.110750320711777
-28.17505604247393
-26.91476596925813
-25.317841791719058
-23.40662588966082
-21.263623693242945
-18.886075142160642
-16.253634022939902
-13.466922617891068
-10.52020024172385
-7.434344429604775
-4.262068770185758
-1.0685007304281973
2.137258883992257
5.315527035477812
8.445250882004316
12.067446436403447
15.85199987687094
18.514317284322594
20.923331086262827
23.09829349452169
25.00249627334579
26.620396927737936
27.937811139110018
28.943978174782227
29.617683907944247
29.958543600039285
29.953106027298507
29.59335508893325
28.89559365290407
27.852363975978214
26.50958087789258
24.876901194110477
22.95044545617162
20.75003520124297
18.338438602204867
15.667598561843533
12.840180771260533
9.817049931661172
6.76595578919311
3.577140383788744
0.37698056413850417
-2.818664066796867
-6.039044069839901
-9.198051903387467
-12.236066589183002
-15.168132607043477
-17.871585943405314
-21.021501982049095
-23.169704358247365
-25.064282556713923
-26.698086346758842
-28.003525532739513
-28.99377153988872
-29.656158351670676
-29.971933871156637
-29.9401236377598
-29.56906890280294
-28.85001683401801
-27.808459076008237
-26.424636832955002
-24.766067528852922
-22.815706398756166
-20.613325609590866
-18.174428784448022
-15.536782044317778
-12.669303889201451
-9.712612397083696
-6.643204389417486
-3.4487155170572454
-0.24541472723550375
2.9513224791926245
6.154460032289674
9.243944239608348
12.277212467795247
15.169737752472873
17.879749781059065
20.36896452116605
22.60269669163265
24.589230640358135
26.290771866183132
27.69057648226294
28.768662399700883
29.511733121589113
29.919457757593552
29.98260323747152
29.700577491649604
29.079729340573273
28.1278105570006
26.84261683210346
25.271423145473
23.38011184512971
21.25147625769531
18.85315289675786
16.236520001483584
13.423442739207983
10.474640305675013
7.42071007902247
4.297888019063466
1.12351738301314
-2.1262305881791375
-5.338647855333201
-8.449718616685889
-11.490941727870704
-14.385593959951922
-17.105277520834044
-19.680567839073237
-21.997451620482348
-24.041332534575325
-25.83992771954179
-27.33450982295252
-28.516327585442355
-29.355024677638035
-29.849275256870616
-29.99918379035673
-29.807089871937983
-29.27342610199942
-28.409679635868663
-27.220055786982485
-25.70198208321093
-23.88927750804473
-21.791944198718465
-19.45387284760139
-16.896676139186553
-14.128375629368191
-11.165371918959261
-8.105721176493278
-4.939631315105509
-1.7345991207508042
1.4810661330500123
4.7665778113844
7.891281894588747
16.596551481720873
19.1833778090186
21.54633045489594
23.639494492495906
25.472437538073205
27.010096116671694
28.25659095946437
29.1714960724
29.75092452660312
29.99216105185258
29.891401695725968
29.449705821454284
28.677552027222795
27.582305703397164
26.148623396972493
24.435344727789882
22.404934045730684
20.152457241481603
17.660533332524803
14.941578978205706
12.073652885763527
9.080420713911208
5.956783956741111
2.779714454382206
-0.4435935002415523
-3.662313174378275
-6.845853304366026
-9.916803315878662
-12.938824243270396
-15.752187152148446
-18.38457220518497
-20.814813660789763
-23.031839080214095
-24.962329014204226
-26.63909346845444
-27.95941809930308
-28.97100715790412
-29.63592232166606
-29.963491850395478
-29.951169344420713
-29.590814316693848
-28.884654858597077
-27.840767796772017
-26.471359118323907
-24.79774185094356
-18.229095045210876
-15.541858871758498
-12.683239417424442
-9.724175491997544
-6.603028545682962
-3.414033242199456
-0.1351042476499809
3.095453329611161
6.250091318371492
9.32493937247131
12.343424334376431
15.18293173412859
17.85255883793854
20.35301310108806
22.618860420789137
24.59609806366646
26.285071529838447
27.69001529922973
28.76630501720828
29.517518488422716
29.920953485364993
29.98202879796984
29.69638209214521
26.811055951095913
25.21464740565467
23.302261154495994
21.114782701804245
18.705061957649804
16.057933710068752
13.230784275150887
10.249251167120585
7.15420966395037
3.960432340140821
0.7704005104935253
-2.5077768470091497
-5.6870307539609595
-8.840234234554448
-11.898330388667857
-14.761289825526895
-17.469400123468272
-19.97017206316824
-22.260088723879498
-24.28858588900662
-26.061860263718643
-27.497521699741604
-28.61970858663085
-29.423621318798986
-29.881839702461093
-29.995231973841054
-29.76173213101017
-29.18536336583254
-28.2786786346564
-27.057285049712327
-25.521516000599146
-23.685027173820014
-21.549488759931794
-19.182431326673065
-16.582123657569745
-13.82349911493376
-10.879393559443503
-7.831606349727743
-4.646551162471955
-1.4215391213211324
1.8003658833598462
5.016987475296799
8.157038738272696
11.211921867835677
14.150833038673337
16.91391496673316
19.447289810764847
21.793541691670214
23.895956500685514
25.716271952046505
27.245853402502437
28.44132081589701
29.294766328059286
29.820003958591055
29.999875514666584
29.840685686301413
29.32889408832044
28.49288755970801
27.30994829879339
25.806453673891873
24.03206673254661
21.98264213267634
19.616633288732153
17.05897260348787
14.338894801949728
11.462119700115624
8.407706534618997
5.289205456152312
2.0287827560050338
-1.1583268269298834
-4.36123756201977
-7.510065933834865
-10.551460042147966
-13.514013721848292
-16.422587424570715
-19.00968226266311
-21.396935572449074
-23.696928973659336
-25.54446989267075
-29.273184900473478
-29.82761081074729
-29.999989818777763
-29.82330123548425
-29.30127832120954
-28.43895953466517
-27.250636639789143
-25.72054341858442
-23.900965693650434
-21.81650165553453
-19.465560685464506
-16.902597229518772
-14.147068103405008
-11.146721571063281
-8.074272822867083
-4.922914212909194
-1.761595559605669
1.4666011230950822
4.690238885324237
7.871256494339134
10.93923910244745
13.883086662597727
16.636810219697296
19.186741431818746
21.564671823527362
23.68853178377893
25.542551197858472
27.090785761170153
28.315683786169636
29.218092672061136
29.777999941292645
29.997735488911548
29.862717298477047
29.387520749968633
28.57942089121577
27.44463903391678
25.983474012079228
24.173028747877208
22.109332354999697
19.80010296271732
17.256007294578385
14.516440846681657
11.588160842369088
8.508547804023856
5.374274274178205
2.137272297573593
-1.103032058347297
-4.349118448893468
-7.516489265260074
-10.787455875268087
-13.732949927858439
-16.5220505330189
-19.11218733784821
-21.47530091554282
-23.611546553517176
-25.493273108048797
-27.051754326716157
-28.288710061208178
-29.208165417815582
-29.77364125375698
-29.99655427125715
-29.87173814588964
-29.40351778560195
-28.6031565017209
-27.47672866596231
-26.042356157833986
-24.29315934161906
-22.24845795114563
-19.978297555495352
-17.434838906037402
-14.431120300871289
-11.494699647068082
-8.474712404204375
-5.316574235729909
-2.152300664448585
1.0550953112944805
4.259592427565063
9.127324703987592
12.171342503902771
15.130805783863865
17.849258892524386
20.316037742146257
22.574440082322113
24.575833104693707
26.26866434085607
27.68566181630237
28.75887668178361
29.51111303278048
29.92189024162373
29.981228189348293
29.692281068657874
29.05594123967894
28.076553676556248
26.77548467581939
25.161255186879828
23.254139983946196
21.105222876135993
18.655197231280933
16.027982636205575
13.21307869431232
10.245465977216577
7.174708206947614
4.028055262725115
0.7726737346812238
-2.4699522904401285
-5.6281604595879235
-8.767906426297696
-11.805738134840762
-14.662491779121371
-17.415506663407474
-19.946491925179743
-22.22539922723489
-24.25117257243555
-25.995715662641
-27.443166389027745
-28.605562304465504
-29.41033188265919
-29.873210474063587
-29.996401901095204
-29.77193802995494
-29.190611505110333
-28.232850159671738
-26.977633259619715
-25.41804654157937
-23.55085669096739
-21.41543677851089
-19.06553151167149
-16.447895371637888
-13.637195559755778
-10.704592599186885
-7.6221335456797314
-4.441582022133208
-1.2121308773378223
2.0722383171849534
5.223514250581381
8.36759641707957
11.432220660601335
14.35738755228161
17.07628846757904
19.653932445355647
21.97986890355657
24.03903232498605
25.821988909858256
27.322551415249162
28.486689613454477
29.343159976356578
29.84476754900817
29.99951655925938
29.80574461438997
29.270380492292176
28.392271076572182
27.163098805881788
25.654265788077222
23.865436114042566
21.79028181948162
19.46459825502127
16.921026651809196
14.07295546907664
11.13521788108219
8.1168222959935
4.9668213525253995
1.7520787530154034
-1.457543053260035
-4.72968581521273
-7.876455854944787
-10.923774918888025
-13.871157562017943
-16.651743422580417
-19.248783028206958
-21.753188246072586
-23.82230115139297
-25.660002244615153
-27.188138023571327
-28.396359582246312
-29.271778105408092
-29.814577734187374
-29.999807804390805
-29.838633606607846
-29.3280173810541
-28.469864666326906
-27.28998309254018
-25.767396819985017
-23.95412438904616
-21.868283901498433
-19.52537214592761
-16.972725422396543
-14.213643915934307
-11.26926771293756
-8.204443492277326
-5.03769121896447
-1.8276037693822225
1.4099685440352667
4.581444968099529
7.742259999916073
10.786061521470815
13.695297799255785
16.4723772356938
19.059595484307525
21.41778815078803
23.575971000599548
25.427460623220604
26.98784490243951
28.234650558847886
29.16076917108967
29.751496547395693
29.998202599114926
29.772946496912173
29.203277527937463
28.307691292555507
27.0777728573025
25.5365682253178
23.660303254452334
21.53050802539831
19.168312737912103
16.567116741329624
13.78096158868469
10.88178949026565
7.708545217318143
4.557901801048531
1.351643663771424
-1.9360455675934376
-5.154058035392926
-8.308910761966953
-11.660001964520003
-14.62026239500225
-17.31969570354785
-11.01405097160561
-7.94879785557942
-4.809932197203215
-1.6002255827626914
1.604583570114833
4.801323433725636
7.943364057753321
10.978608887583935
13.888057812337514
16.657777148649362
19.274104145126884
21.65669422665476
23.775787101107376
25.892556560878532
27.36944360653835
28.531968256130238
29.35506911644947
29.847087196583175
29.99933649464706
29.804209397644545
29.2632732797348
28.395012929049297
27.207595841739654
25.701702636094513
23.911145231207886
21.83883570339525
19.502261096851065
16.958007566236343
14.233879583454133
11.342938097794875
8.329228593591015
5.208929142951088
2.0417879599749678
-1.148446919202156
-4.313257436093552
-7.447921391468019
-10.52744200763552
-13.4513704034755
-16.270691454748977
-23.367164033766045
-25.243381767225586
-26.82006942355372
-28.146409278076774
-29.08999738050584
-29.775610789165512
-29.99641442836578
-29.873829706927054
-29.382713774769776
-28.547678123052123
-27.371020167387634
-25.899255968714694
-24.129913805601273
-22.072696874775094
-19.787745488986324
-17.283675812085175
-14.570760916140399
-11.651223026635234
-8.598198335879877
-5.453909652091209
-2.265018167337415
0.9907244140540988
4.2161244945997085
7.380231892132078
10.447281266621495
13.414189382979302
16.225172197110833
18.8255425696844
21.226422306128832
23.375598620854717
25.265846344866738
26.843608572804804
28.11435653445812
29.073313378003945
29.696448178742305
29.981152073317684
29.92339734629186
29.521610872355534
28.77730818521766
27.709445335788782
26.329096742176638
24.64969239209881
22.671547458314834
20.424826533711844
17.968150184505692
15.284764184369942
12.427526328924838
9.429799529608434
6.298761743147692
3.0725575488436796
-0.1455575007864277
-3.3463877512732276
-6.561123878600329
-9.662707949025732
-12.635744174507527
-15.467428374412059
-18.114921270623007
-20.570439047390146
-22.801860349202027
-24.74160254642636
-26.40800741208016
-27.775135561854952
-28.8212669707224
-29.545863101660323
-29.93231179419113
-29.976688661841344
-29.678833954784285
-29.042097837656417
-28.080269587217384
-26.78873458970287
-25.20816174044217
-23.334269821305757
-21.193180895273503
-18.7791269709062
-16.177689311019556
-13.366513424278585
-10.429730244209384
-7.398412526951756
-4.2575653628378545
-1.0419261808404934
2.1360108424376
5.312546298805108
8.424431032470578
11.442530528712856
14.345585082615663
17.09086721693037
19.621980470761653
21.95840754475628
24.037091863436814
25.813937890423606
27.313423590301607
28.50238438128204
29.34248633643329
29.84698383664161
29.99927943646911
29.80325005913035
29.25864795030211
28.378066875207743
27.17218414854573
25.566766556468913
23.74570593675162
21.618580362691638
19.227089044329336
16.641295124971013
13.848865730599341
10.862292440664937
7.785473261104549
4.65210426412162
1.4782595870594306
-1.699750881333486
-4.867999538599811
-8.011572923859664
-11.048320939931362
-13.970222805948103
-16.7368393452739
-19.300779678697644
-21.663398398262174
-23.857768892320273
-25.64984461878149
-27.167868614778087
-28.37583305402946
-29.24950488276187
-29.791900429648017
-29.99845274921614
-29.85619878067442
-29.365436362631726
-28.54342519004461
-27.38773345917943
-25.9119604171502
-24.085073474854934
-22.036535299240537
-19.719219048408014
-17.170550325011423
-14.45808182410513
-11.552766052642188
-8.489830649513793
-5.348888488986849
-2.133471317895074
1.1036960228280754
4.29693494251954
7.4593267829812815
10.523757061892002
13.484349208509952
16.285857007071684
18.898788268332826
21.286236571721123
23.45020601897573
25.36192027446655
26.94105736616959
28.2064072799731
29.14472600732516
29.741866202186458
29.992073184996165
29.88931404440288
29.438399935837868
28.65831549910729
27.532912600792326
26.113471189868523
24.3770017549336
22.32826536650578
20.057503496019994
17.560946750315598
14.841406969360088
10.84062574853114
7.773045199500116
4.589916603887497
1.3762752951855717
-1.8767140954598738
-5.117147272395203
-8.248740213598595
-11.317757952708964
-14.281826801199692
-17.041744423967593
-19.605540911989266
-21.929832908754527
-24.01387562283898
-25.889911184675203
-27.38015826169922
-28.547784115027646
-29.36946032437436
-29.855008477390456
-29.99902862279617
-29.797219573658353
-29.247737844905092
-28.369228953646797
-27.155299876762317
-25.649156731859122
-23.85727918223732
-21.76257097892014
-19.384218121137284
-16.78828161856627
-14.01675037867866
-11.068006363115096
-8.010796250804379
-4.8951033409972275
-1.6675816922888331
1.5987576102257923
4.8172619124844
7.972045462675993
11.005003672747405
13.926292051492904
16.70933348318725
19.28759830552866
21.64828332297399
23.733457680238285
25.571856919379
27.628854491417204
28.75021212644137
29.504497315772664
29.914550055302712
29.983766453517983
29.708084921367462
29.096687891448152
28.138785971471556
26.85111021899254
25.271528465118713
23.38416768982434
21.2227653592869
18.826408840332192
16.207611817496947
13.429233429292994
10.451268393342678
7.36913241105892
4.183007073292984
0.9949764585330914
-2.241972264071162
-5.40646041089148
-8.515821484758023
-11.59226196372458
-14.520331057548743
-17.254508823162034
-19.907066952422838
-22.20340688905595
-24.261136591452498
-26.013693324197575
-27.473090315389953
-28.612463341113394
-29.423084113544864
-29.882601937982763
-29.994551702599257
-29.759180677767297
-29.181783062180752
-28.2755592927247
-27.018169098724556
-25.476045010025725
-23.596977982233714
-21.43904098443657
-19.038195484539738
-16.418277324674637
-13.569248639244659
-10.633343368558284
-7.5453325947084675
-4.381710617550645
-1.148513423060581
2.0981402590001865
5.320215320000696
8.479963704656882
11.505560199137706
14.440809061873761
17.19817187220176
19.746969911543086
22.0976733005464
24.166731037282048
25.93524387390611
27.410419669666773
28.563805688624992
29.386412357223655
29.866979285816896
29.99780630669526
29.785894502507496
29.226168314123075
28.319166393556753
27.08460085110863
25.475450611317953
23.60621437113753
21.48859465399178
19.11225761185472
16.4385717160101
13.630068481675828
10.627934987777556
7.567561613079699
4.400964037765083
1.1946292547645836
-2.0419694772654635
-5.220784950059596
-8.437470225493856
-11.502378634828911
-14.401966229051974
-21.93312943324831
-24.009236553392846
-25.790212337349473
-27.30587685180376
-28.469070675342685
-29.32151965972192
-29.832788082860844
-29.999885532033773
-29.818326642675935
-29.285340131004784
-28.420389834966826
-27.218345208900644
-25.546697965692665
-23.708794210096325
-21.600719349538586
-19.22420054484707
-16.666893414796203
-13.84273820234551
-10.88515034646011
-7.8000440550331165
-4.6763254913330465
-1.3960455807223366
1.8540555110251893
5.057632593859198
8.214832983330364
11.22092276175577
14.105901192774285
16.88659226387253
19.43554424369076
21.79154996715129
23.881964542236755
25.67522079131467
27.191711313054647
28.410671424917563
29.283033472310127
29.81332706232231
29.999873226185994
29.837192025731518
29.32641564415393
28.39426638911789
27.190713129093925
25.666413668162573
23.83744941959257
21.727070814797273
19.38086155994205
16.78462649831285
14.007309035233888
11.116462017970342
8.082224061896412
4.943448696910891
1.769834764511603
-1.4866054399985593
-4.663463543417584
-7.829939835777341
-10.913999229828171
-13.85348543595304
-16.63516863613574
-19.24073227110768
-21.606946739525124
-23.721987673555184
-25.562918552626886
-27.108806927433243
-28.333603999379637
19.455471747489607
21.809555146988025
23.891051421614883
25.71089428189323
27.22472389019688
28.41458972847048
29.279061076093924
29.80767051871129
29.99930909830521
29.846547925607005
27.960927794532218
26.536044800767325
24.68927831348465
22.731516550669358
20.512320021442676
18.05631150382196
15.382861347990994
12.526273536674639
9.554422709507575
6.461805994100951
3.2764961325190423
0.03753111405400533
-6.247190035352187
-9.325101002888792
-15.131566684866614
-17.83248856340429
-20.28911680259756
-22.527533717706287
-24.538590461049996
-26.232715696270834
-27.62767702377867
-28.715006200933242
-29.475681044981805
-29.904067205579018
-29.98834512599395
-29.72952406131922
-29.1247527568246
-28.177765385246985
-26.92049933700522
-25.336954523269128
-23.456364874950825
-21.346054571389136
-18.984932090700415
-16.360450214917016
-13.562730718356494
-10.595825994737996
-7.517764480159766
-4.388325017068288
-1.1584029194520242
2.047522713396308
5.230067622294831
8.392076602073525
11.397689942843312
14.277639337630186
17.024891461905803
19.56623507712428
23.916515196062146
27.196770113948453
29.25204577544261
29.998197460260574
29.396612942263758
28.591716503179796
27.46151243790693
26.02510909203255
24.293072013398085
20.027360701097955
14.888111427930362
11.997558020318005
8.958551342707224
5.837913735623776
2.6703410204945457
-0.5163873649927044
-6.833163673798753
-9.915271789382293
-15.659710454741225
-20.705305493502003
-24.860692889892054
-26.51807569140068
-27.86958250706939
-28.906362251266263
-29.595814085798974
-29.95039521197516
-29.963538489609537
-29.637532390757862
-28.97206992871859
-27.97907729479551
-26.671244896374045
-25.056551793582052
-21.022088664306807
-16.04349074163655
-10.345330420268551
-4.18939166421317
2.163473889334625
8.422230054539263
14.294214470356616
19.518072306398032
23.878136592706966
27.16631938081945
28.43282424383179
29.812251368633543
29.843328195026576
28.502095434438917
25.88680681140535
24.089072767083206
19.76921577232881
17.260954399536438
14.5602028894169
8.67989500471712
5.553641437653243
2.347384052941533
-0.8955860480814518
-7.199534275767866
-10.25178099000323
-15.959271469694048
-18.584093935667717
-20.980134672966383
-25.037592806794844
-26.66985542850144
-28.972098661773284
-29.961469349824192
-29.61438444451424
-27.93953334904536
-25.01449634969482
-20.993831673478695
-18.569045923237052
-13.170980935377404
-10.222066968354882
-4.025192365229803
-0.8514406878401005
2.3914137438781355
8.842751122585405
14.673230734438622
19.849903591135558
24.138041306748228
25.896640709157506
28.506821312734836
29.347402982869294
29.999656282034785
29.300034844420885
27.292737246568976
24.052333624206582
19.75103342682808
14.590850841708644
8.725769335140576
2.4498114793316708
-3.9039383284845313
-7.058869389668466
-13.053659621429741
-15.859157503819288
-20.884319107063195
-24.946220163132217
-27.891411903780295
-29.591082801408
-29.967625802300283
-29.004574780160407
-28.02885966443433
-25.132612547686527
-21.130396718129678
-16.16130223021576
-10.485075627271375
-4.361802423085058
1.9928385133990185
5.162921467251437
11.297771954496579
14.216159413539549
19.455556455737774
23.8415298800346
27.157552273333728
29.244018951875617
29.796740804679313
29.865400250673567
29.39125708818928
27.469695907504974
24.30500482576737
20.00975577000658
14.883957311835543
9.061869109904215
5.924099351127557
-0.37376207143362655
-6.679517000835206
