-1.97
-1.97
-1.97
-1.97
-1.97
-1.97
-1.97
-1.97
-1.97
-1.97
-1.97
-1.97
-1.97
-1.97
-1.97
-1.97
-1.97
-1.97
-1.97
-1.97
-1.97
-1.97
-1.97
-1.97
-1.97
-1.97
-1.97
-1.97
-1.97
-1.97
-1.97
-1.97
-1.97
-1.97
-1.97
-1.97
-1.97
-1.97
-1.97
-1.97
-1.97
-1.97
-1.97
-1.97
-1.97
-1.97
-1.97
-1.97
-1.97
-1.97
-1.97
-1.97
-1.97
-1.97
-1.97
-1.97
-1.97
-1.97
-1.97
-1.97
-1.97
-1.97
-1.97
-1.97
-1.97
-1.97
-1.97
-1.97
-1.97
-1.97
-1.97
-1.97
-1.97
-1.97
-1.97
-1.97
-1.97
-1.97
-1.97
-1.97
-1.97
-1.97
-1.97
-1.97
-1.97
-1.97
-1.97
-1.97
-1.97
-1.97
-1.97
-1.97
-1.97
-1.97
-1.97
-1.97
-1.97
-1.97
-1.97
-1.97
-1.97
-1.97
-1.97
-1.97
-1.97
-1.97
-1.97
-1.97
-1.97
-1.97
-1.97
-1.97
-1.97
-1.97
-1.97
-1.97
-1.97
-1.97
-1.97
-1.97
-1.97
-1.97
-1.97
-1.97
-1.97
-1.97
-1.97
-1.97
-1.97
-1.97
-1.97
-1.97
-1.97
-1.97
-1.97
-1.97
-1.97
-1.97
-1.97
-1.97
-1.97
-1.97
-1.97
-1.97
-1.97
-1.97
-1.97
-1.97
-1.97
-1.97
-1.97
-1.97
-1.97
-1.97
-1.97
-1.97
-1.97
-1.97
-1.97
-1.97
-5.75
-4.53
-3.5
-3.5
-3.5
-3.5
-1.4
-0.93
-0.9
-0.47
-0.21
-0.13
0.14
0.5
0.82
1.03
0.96
1.09
1.22
1.23
1.15
1.41
1.31
1.16
1.36
1.4
1.41
1.61
1.87
2.18
1.91
2.13
1.99
2.11
2.03
1.96
2.04
1.84
2.03
1.96
1.79
1.63
1.84
1.71
1.78
1.95
1.72
1.7
1.98
1.95
1.95
1.96
2.42
2.24
2.37
2.45
2.46
2.6
2.35
2.5
2.69
2.74
2.96
2.75
2.69
2.47
2.22
2.19
2.23
12.31290579
12.31290579
12.31290579
12.31290579
12.31290579
21.49387121
21.21996403
21.21996403
21.21996403
21.21996403
21.21996403
21.62218809
21.62218809
21.71460629
21.5160799
21.5160799
21.5160799
21.5160799
21.58841372
21.58841372
21.58841372
21.58841372
21.58841372
21.82137966
21.56521797
21.56931639
21.56931639
21.56931639
21.56931639
21.56931639
21.56931639
21.56931639
21.56931639
21.56931639
21.56931639
21.56931639
21.78305626
21.89332724
21.89332724
21.89332724
21.89332724
21.89332724
21.89332724
21.19668245
21.77805662
21.27270699
21.27270699
21.74752235
21.74752235
21.74752235
22.1610117
21.87819958
21.83620691
21.83620691
21.6259861
21.46764994
21.46764994
21.46764994
21.38104677
21.38104677
21.38104677
21.54036999
21.4945364
21.4945364
21.4945364
21.60712481
21.59457207
21.51099443
21.51099443
21.51099443
21.51099443
21.51099443
21.51099443
21.77893639
21.77893639
21.77893639
21.77893639
21.77893639
21.77893639
22.23823786
21.54657125
21.60890579
21.70130253
21.40334129
22.94194221
22.94194221
24.7633338
24.7633338
21.77698374
21.72441244
21.35800123
21.42653704
21.42653704
21.42653704
21.42653704
21.42653704
21.30176067
21.30176067
21.43769503
21.43769503
21.43769503
21.47799253
22.03275919
22.28321314
22.28321314
22.28321314
22.28321314
21.45314455
21.41183853
21.41183853
21.55691385
21.55691385
21.55691385
21.55691385
20.68590403
20.68590403
21.6313076
22.11552143
21.59839153
21.80404186
21.58555984
21.58555984
21.58555984
21.58555984
21.58555984
21.58555984
21.22693777
21.41460657
21.47340059
21.62605047
18.28502655
21.9596529
26.81563139
20.6403923
20.6403923
20.6403923
20.6403923
21.63416147
21.63416147
21.63416147
21.7034483
21.7034483
21.7034483
21.7034483
21.7034483
21.7034483
21.56912327
21.56912327
21.56912327
21.56912327
21.56912327
21.56912327
21.56912327
21.58448696
21.58448696
21.58448696
21.58448696
21.58448696
17.96736717
17.96736717
17.96736717
17.96736717
17.96736717
21.66008234
21.60489321
21.60422802
22.51388311
22.51388311
22.51388311
22.51388311
22.51388311
21.70134544
21.70134544
21.40387774
21.40387774
21.37877226
21.37877226
21.37877226
21.37877226
24.8866725
23.79181623
21.96081161
22.31243849
22.67361403
22.67361403
21.7627573
21.7627573
21.7627573
25.01271486
25.01271486
20.74808836
22.15195656
22.23132849
22.23132849
21.68357849
21.4037919
21.83511257
23.51685762
20.6392765
20.78360081
23.5872817
23.23305845
23.23305845
20.89953661
23.33112001
23.33112001
20.17585516
19.96260881
18.42417955
19.00441647
21.95570469
20.97126961
20.77203512
20.23194551
19.96460438
21.35746479
21.05079174
21.05079174
25.38157225
22.07035303
21.62899017
21.62899017
21.62899017
21.42192364
21.42192364
21.94467545
20.78939438
20.78939438
21.64422512
23.803339
21.21253967
21.21253967
21.21253967
21.21253967
21.88905716
21.88905716
21.88905716
21.54047728
21.54047728
19.83598709
18.85550022
18.2851553
19.99256372
27.05559254
28.82973433
28.82973433
28.82973433
23.00101519
21.05450392
21.05450392
21.05450392
21.05450392
21.05450392
21.05450392
20.73617935
22.0297122
21.01045132
21.73024893
22.79111624
22.42159367
21.58843517
21.58843517
21.58843517
21.58843517
21.58843517
21.78284168
21.41121626
21.41121626
21.41121626
17.86737442
17.86737442
17.86737442
17.86737442
25.88314533
25.88314533
21.21861219
21.21861219
21.21861219
21.21861219
21.21861219
21.78747654
21.61023617
24.48455572
20.2925849
20.44193029
21.821208
21.52320385
22.6539588
22.27460861
22.45180607
21.58489466
22.02887535
21.97400808
22.11846113
26.37059927
26.37059927
22.31795311
20.36178589
20.36178589
17.26728916
23.00303221
22.73399591
22.73399591
24.99767303
22.79208183
22.52386093
22.31261015
22.72813797
22.72813797
22.72813797
22.68045902
22.01095819
21.57068968
22.94434547
21.36229277
21.16067648
19.96595621
19.36454058
25.17512798
26.96660757
23.69948387
20.35313845
22.46330738
22.42706537
21.67701244
20.26335955
19.3896246
19.3896246
16.09984159
-34.50477362
-20.38046479
-20.83214879
-15.50909042
-18.15368414
-18.15368414
-12.10615039
-12.10615039
-12.10615039
-18.3982265
-18.39663863
-5.67133784
-26.48712516
-14.78234053
-15.81343532
-14.64432478
-13.70524049
-13.70524049
-13.70524049
-13.70524049
-13.70524049
-13.70524049
-13.70524049
31.88884735
29.96692657
29.96692657
19.75270987
14.85392332
14.37543869
14.37543869
14.37543869
14.37543869
14.37543869
21.38422251
21.38422251
21.26835108
21.53009176
21.72803879
21.72803879
21.04386091
24.53266382
18.44638824
22.61632204
21.90781116
20.21540165
20.94150782
21.70870543
22.09318399
24.09149408
19.20556068
17.47776747
22.45139837
22.43425369
22.43425369
22.05020428
18.85575771
-1.92207098
-1.92207098
-1.92207098
-30.49181342
-11.44977093
-13.59869242
-13.59869242
-20.49454451
-14.83368874
-14.83368874
-14.83368874
-13.45214725
-12.44386196
-12.44386196
-21.00377798
-12.20311761
-14.4197917
-16.41840219
-16.41840219
-3.60671282
-16.54064655
-16.26006603
-16.26006603
19.37413216
23.66815567
18.87393236
21.00618124
21.00618124
21.09424353
19.42011595
30.77478647
21.49936438
20.67420959
21.51620865
23.30959797
23.30959797
23.21183681
22.0498395
21.82333231
21.82333231
21.74788713
22.49444246
21.69441462
23.86887074
21.19702578
21.36201382
22.40985632
21.42443419
22.26458788
18.84095192
24.28064346
27.59121895
20.36247253
20.36247253
20.36247253
24.26847696
22.11597204
21.44668579
22.19791889
19.80976582
19.80976582
21.55543327
21.86056137
21.86056137
21.69106722
20.04672289
21.56968117
21.51865482
22.70539284
17.38560677
17.38899708
17.38899708
22.07217693
21.57558203
19.92737532
23.60034943
17.31112719
22.24413872
23.07098866
23.52342367
24.90695
23.51310253
17.55711794
38.48444223
10.68478346
-9.17931318
10.57610035
20.25831699
27.41204739
27.22611666
19.55044985
25.01303673
21.6189909
25.1820159
25.1820159
24.0400815
24.0400815
22.09148884
22.09148884
22.34129906
22.73884535
24.99773741
23.3277297
21.00169659
21.00169659
21.00169659
21.00169659
26.37918234
22.57254839
22.57254839
21.63295984
20.30932188
24.55970049
24.35003757
23.30320358
19.95190144
29.73314524
29.73314524
25.22497416
25.22497416
20.47551155
19.85047102
22.36344337
22.37181187
20.91241121
21.67890072
21.67890072
21.23936176
20.69425106
20.69425106
20.69425106
21.16996765
21.29173994
21.29173994
21.29173994
21.29173994
21.29173994
21.16825104
21.16825104
21.06980324
21.44874573
21.44874573
21.44874573
21.44874573
21.44874573
21.44874573
21.44778013
20.77808619
20.77808619
20.77808619
20.77808619
20.77808619
21.8663764
21.8663764
21.8663764
21.8663764
21.8663764
21.8663764
21.8663764
21.8663764
21.8663764
21.8663764
21.8663764
21.8663764
21.8663764
21.35877371
18.94641638
20.83106518
20.83106518
21.34096384
21.34096384
21.48136139
21.19923592
21.91800356
21.43988371
21.20453596
21.18513823
21.22324705
21.15430355
21.15430355
21.15430355
21.15430355
21.15430355
21.24590635
21.44129992
20.9855175
20.9855175
20.9855175
20.89550257
2.78445482
-2.709589
-2.709589
-2.709589
-2.709589
-13.85349154
-13.85349154
-14.912889
-14.912889
-14.912889
-14.912889
-14.912889
-14.912889
-14.912889
-14.912889
-14.912889
-14.912889
-14.912889
-14.912889
-13.67875099
-13.50839853
-13.5991323
-13.42523932
-13.42523932
-13.42523932
-13.27903748
-13.44037771
-13.44037771
-13.44037771
-13.33165169
-13.33165169
-13.33165169
-13.33165169
-13.33165169
-13.33165169
-13.33165169
-13.33165169
-13.33165169
-13.33165169
-13.33165169
-13.33165169
-13.33165169
-13.33165169
-13.33165169
-13.33165169
-13.33165169
-13.33165169
-13.33165169
-13.33165169
-13.33165169
-13.76232862
-13.76232862
-13.76232862
-13.76232862
-13.76232862
-13.76232862
-13.82086515
-13.82086515
-13.82086515
-13.82086515
-13.82086515
-14.02331829
-14.16370511
-14.16370511
-14.16370511
-17.07903028
-14.16016459
-14.25004005
-18.20026875
-12.64451265
-9.97127295
-11.10200644
-17.40684986
-10.3526938
-12.15530992
-9.60016251
-18.58171105
-18.58171105
-11.03629231
-13.64704728
-15.56478381
-7.58748651
-19.00650859
-17.49879599
-17.49879599
-17.49879599
-17.49879599
-17.49879599
-17.49879599
-17.49879599
-13.92687678
-13.67655158
-12.4739778
-11.92702174
-12.48492122
-12.48492122
-12.48492122
-12.48492122
-12.48492122
-12.48492122
-14.21983838
-14.62504506
-14.55177784
-14.434973
-14.04472232
-14.04472232
-16.61261559
-16.61261559
-16.61261559
-15.97531199
-15.97531199
-14.05367017
-15.73720694
-9.92684484
-9.20449376
-13.02490354
-13.02490354
-13.02490354
-13.02490354
-13.01494718
-12.04174519
-11.20242834
-14.79924917
-11.38556957
-13.99401784
-17.73282409
-14.29499388
-16.9151473
-13.66891265
-13.66891265
-13.66891265
-13.97177696
-13.97177696
-13.59879971
-13.59879971
-14.33619261
-14.84987855
-11.946913
-11.54217839
-14.78658915
-14.78658915
-14.2899406
-14.96014953
-18.83913875
-22.77102113
-14.32073236
-15.24098754
-14.26754951
-13.59579563
-12.872082
-12.30054617
-12.30054617
-22.11389065
-11.78922057
-14.45276141
-28.67871523
-11.40245676
-11.40245676
-11.40245676
-14.40170288
-14.40170288
-14.40170288
-13.7258935
-13.7258935
-13.7258935
-14.68308806
-14.94201779
-11.09388471
-10.50276875
-17.55007982
-17.55007982
-17.55007982
-17.55007982
-14.35948491
-11.77593827
-11.4955616
-11.4955616
-12.7171576
-12.7171576
-17.69752622
-15.39753199
-15.39753199
-12.85330653
-12.73975253
-15.29623032
-15.08443236
-15.08443236
-13.90612721
-13.90612721
-13.90612721
-13.75193238
-13.76532197
-14.04938936
-13.91907692
-13.81512523
-14.72843885
-15.52332759
-15.52332759
-21.047616
-21.37012482
-11.70481682
-11.70481682
-11.70481682
-11.70481682
-11.70481682
-12.62073755
-12.5194037
-13.56470346
-9.12176371
-9.12176371
-29.44254398
-11.54282212
-18.47333908
-10.33524871
-14.85191703
-14.20256495
-14.20256495
-12.02788353
-12.02788353
-12.02788353
-13.64921451
-13.64921451
-7.30835438
-18.50889444
-19.58503962
-31.68387294
-20.74007392
-20.74007392
-13.37973833
-11.43968582
-11.20749235
-10.90065837
-15.67849874
-15.86111426
-16.04509234
-12.03701377
-12.06281662
-14.25457835
-11.94296479
-11.77756906
-12.43519306
-10.68136096
-16.45776629
-12.62830138
-14.08295989
-14.08295989
-14.08295989
-11.32955432
-13.23197007
-13.33721995
-13.84487629
-14.73516583
-14.22682285
-11.85546041
-13.46256495
-14.33509827
-13.96822572
-14.31234241
-21.74431443
-10.49470067
-12.938869
-12.938869
-12.66407132
-11.63116336
-11.63116336
-8.31295967
-10.51620126
-10.51620126
-6.31762147
-6.31762147
-7.73391366
-11.73763633
-13.4260118
-13.4260118
-13.4260118
-10.79323053
-10.4958272
-18.15853357
-18.15853357
-8.8424921
-8.8424921
-8.8424921
-27.13682055
-29.48307753
-11.43803358
-11.43803358
-18.76784563
-20.10381103
-9.37473893
-15.41917205
-15.41917205
-15.41917205
-15.41917205
-15.41917205
-16.17674589
-22.75934815
-22.75934815
-10.0492394
-14.9081254
-14.09988999
-14.09988999
-13.67545724
-13.67545724
-10.49437881
-13.36742163
-16.27259731
-15.09512901
-10.28459787
-13.55780482
-13.55780482
-12.0358336
-11.26009583
-11.26009583
-11.26009583
-14.52801347
-14.52801347
-11.15533948
-11.15533948
-13.45751166
-16.45435452
-16.45435452
-16.45435452
-16.90866709
-16.98288918
-12.71993637
-27.45063901
-21.71366215
-22.87262321
-21.86428428
19.74695921
20.89945078
20.89382887
21.30257607
21.30257607
21.07160568
21.07160568
21.07160568
20.83808184
20.83808184
21.35156393
21.16546154
21.12027168
20.9697032
20.9697032
20.9697032
20.9697032
21.27393007
21.27393007
21.28654718
21.22056484
21.14735126
21.14735126
21.14735126
21.04184389
21.04184389
21.04184389
21.10928535
21.10928535
21.10928535
21.10928535
21.10928535
21.10928535
20.90556622
20.90556622
21.05448246
20.82926273
20.93045712
20.93045712
21.2524724
21.2524724
21.2524724
21.19490147
21.10078812
21.14370346
21.18689775
21.18103981
21.18103981
21.18103981
21.26313686
20.68399429
20.68399429
20.68399429
20.68399429
20.68399429
20.68399429
20.68399429
20.68399429
20.68399429
20.68399429
20.68399429
20.68399429
20.68399429
20.68399429
20.68399429
20.68399429
20.68399429
20.86971045
20.86971045
20.86971045
20.86971045
21.02208138
21.22208834
21.22208834
21.01854086
21.43668652
20.84604263
21.23262405
21.38070345
21.38070345
21.38070345
21.38070345
21.38070345
21.38070345
21.38070345
21.38070345
21.38070345
21.38070345
21.38070345
21.38070345
21.38070345
21.38070345
21.38070345
21.38070345
21.38070345
21.38070345
21.38070345
21.2826848
21.36671305
21.1164093
21.25753641
21.08209848
20.85333824
20.85333824
20.85333824
20.85333824
20.85333824
20.85333824
20.85333824
21.22217417
20.86024761
20.86024761
20.86024761
20.86024761
20.86024761
21.10649586
21.10649586
21.39662504
21.39662504
21.39662504
21.39662504
20.8028698
20.8028698
21.34398937
21.34398937
20.69948673
20.69948673
20.69948673
21.02858305
21.16979599
20.86151361
20.86151361
20.86151361
20.86151361
20.86151361
20.86151361
20.86151361
20.86151361
20.86151361
20.86151361
20.86151361
20.86151361
20.86151361
21.22037172
21.17943048
21.07433081
21.07433081
21.07433081
21.17610455
21.17610455
21.17610455
21.17610455
21.17610455
21.17610455
21.17610455
21.17610455
21.17610455
21.17610455
21.17610455
21.17610455
21.17610455
21.17610455
21.10100269
21.07707739
20.93414783
21.27991676
21.27991676
21.15956068
21.15956068
21.15956068
21.15956068
21.15956068
20.99023819
21.17146969
21.17146969
20.98337173
21.34313107
21.34313107
21.34313107
21.34313107
