8.525262952612696
14.759285781708313
19.98482558877223
24.275085295334904
27.45042824454669
29.394884174900778
29.997349842482947
29.228272096858174
27.130618211348498
23.78772748460999
19.30419293886012
13.885117339527598
7.924992176525368
1.5536178918660177
-5.025996243543233
-11.234982300481489
-16.898111710790168
-21.760933192978896
-25.654446768651017
-28.36231674640471
-29.794012946295933
-29.861944613350296
-28.569679871678368
-25.966965440717836
-22.191189344660994
-17.40638327448334
0.589138905545451
6.916847683037213
12.937556239220195
18.382223702321376
22.99911797355595
26.560294506530497
28.91711328926796
29.952859967816188
29.62336396506241
27.94513527864108
24.989273857167717
20.874981527797612
15.850164918232247
10.069267365259094
3.850091708486763
-2.515540529657692
-8.76412755531903
-14.657769002669967
-19.89783119476838
-24.201996855423463
-27.394135359515005
-29.39099644177624
-29.99718802761756
-29.225272148128795
-27.1112074557635
-23.775322504039433
-8.206199000644974
-1.8828071463550555
4.520584499954037
10.74112949171352
16.451637021729628
21.41417095044872
25.38871393073056
28.208510884124163
29.73314219607282
29.901124552366014
28.697986388030976
26.17976488603428
22.478445901869218
17.72962631696459
12.178274733983086
6.076149758191731
-0.31605482070620966
-6.687583878281177
-12.741782639630086
-18.20555527421161
-22.85942761946509
-26.46006963805521
-28.850768918958753
-29.938969585698594
-29.65977362592393
-28.04578399263391
-25.121383241553186
-21.070019876426148
-16.032160834256043
-10.253557512425978
-4.014945713681955
2.409190567791242
8.898835746773042
14.825571750626809
20.03691244522055
24.330041396035
27.4956674191905
29.42944311959178
29.993102490793888
29.174814179794286
27.02447663183058
23.652121382447078
19.172578262612852
13.833252718442127
7.814053641545706
1.5078032926149716
-4.9472855937049465
-11.120085909821004
-16.795667830283932
-21.697232094268806
-25.645643944125897
-28.387404260995798
-29.800070184799242
-29.855058485380475
-28.526606075301046
-25.893344574676014
-22.02001018124869
-17.214968484386883
-11.567998506039533
-5.442379208637476
0.9992926263122764
7.364175103537411
13.452751005355282
18.81264027650921
23.353583542810032
26.8372997596458
29.06759342328934
29.98040887155901
29.52239525971434
27.73138875156746
24.68665905858303
20.452157707796594
15.30671237159417
9.464411807699353
3.1134036383525623
-3.264977841987042
-9.507687828335719
-15.329753779687195
-20.508455897244684
-24.716576007721788
-27.790462916917722
-29.556652243494035
-29.974155409496777
-29.028718365121716
-26.749119850895635
-23.245282573061388
-18.646693613972843
-13.23434157097653
-7.249556646742088
-0.9125679601577132
5.465929711266459
11.653790663830506
17.337281353147503
22.159506831876033
25.921251759434107
28.534018051114995
29.848702153898884
29.808796817777033
28.401546474853863
25.720237011654305
21.848403720183118
16.977306102514156
11.328058257556036
5.205471960236255
-1.2128409806307459
-7.573436641277465
-13.52940891721983
29.974244356950866
29.024377173836942
26.71851461559416
23.190644195517674
18.58737279707934
13.200281074977557
7.17612087460994
0.8317383298482623
-5.61733608655344
-11.789820898374423
-17.416764415972356
-22.223602808785767
-26.031774102373415
-28.633517667404288
-29.886990467765894
-29.75025814669971
-28.23579367630942
-25.41476505702853
-21.391297895028075
-16.37170778260496
-10.627205311689162
-4.362791848840254
14.167650025692511
19.485710576662218
23.924552346639572
27.23936707602093
29.29751826760051
29.999996760123715
29.319565074550454
27.274640177458874
23.97539388554338
19.56888480520828
14.242026222771743
8.241491082485018
1.8817237642644917
-4.558905041251046
-10.830018157689812
-16.688258757249017
-21.633780941562755
-25.58990652230846
-28.354640843044805
-29.79622902682131
-29.85563819203529
-28.555542190612258
-25.910622914177313
-22.0585178435625
-17.195965679083276
-11.605600119932534
-5.3493861952320545
1.1499996058852542
7.504225792724176
13.570583836738358
26.85584428726533
29.52955213082838
27.685605863885094
24.588356730081912
20.35288706224726
15.13587885428372
9.192387217158627
2.916166076579927
-15.47826925845965
-27.782286149699726
-29.562607663206826
-29.968230125375673
-28.978046286437802
-26.635687275736718
-23.047222102168334
-18.376967122620336
-12.863470493807787
-6.745150637812607
28.259020889036393
25.454663023104494
21.465918515362056
16.538556968500284
10.812270810928466
4.620840704485759
-1.819167788231319
-8.132840061406478
-14.070425628822854
-19.353820142032664
-23.776935657363474
-27.163834681853654
-29.281881889255363
-29.999660231627427
-29.347882241555535
-27.32285633570183
-24.067634183041292
-19.704289642702175
-14.404908775909249
-8.437675191486058
-2.135645585531588
4.263656488435489
10.462846354183835
16.207429173284545
22.09623419648693
26.916554715925603
29.135992227983905
29.988947069159046
29.47862087192787
27.635025879444957
24.549495443656046
20.358528219453678
15.223802167432531
9.426678031012065
3.1488412653872624
-3.3482275209011862
-9.712019269932448
-15.536250361072302
-20.697204838788164
-24.820551963277854
-27.807770972903057
-29.56075397169405
-29.972004743854583
-29.02657252493011
-26.722356016030744
-23.20929136157454
-18.553105050708865
-13.183272606854725
-7.103239975339174
-0.7539015988755555
5.612390853471409
11.83084164633743
17.510108730732572
22.34404894030495
26.173080603783944
28.708648649202214
29.99514386073155
29.436156756427735
27.5469902992494
24.353194133081324
20.090027330881984
14.892404809326347
8.954276779115496
2.5923210755549104
-3.7813671859172424
-9.987590181601425
-15.822454266072135
-20.86681445321703
-25.021436276713832
-27.953463779705057
-29.628948769559997
-29.953330468757386
-28.91937226762995
-26.581742598396378
-22.96821668824353
-18.37900900007142
-12.956559926651432
-6.851704152621916
-0.49081303093679407
5.874012271104005
12.047119466512234
17.588337774002646
22.404110214819404
26.174898960080675
28.71454286132576
29.90857320507321
29.724168582209614
28.17323249821392
25.326341120995487
21.308111940418097
16.31510542602485
10.605554677118583
4.381857550312357
-2.0418552513691117
-8.371535493058207
-14.294735944588725
-19.561923126183707
-23.973655995989084
-27.236668824316258
-29.30018692600001
-29.999804338974087
-29.330201823534242
-27.306019155354694
-24.009435592812316
-19.630839842691216
-14.380214277502473
-8.507107709663812
-2.2454584284118346
4.241767304150781
10.506871541351762
16.215264726332972
21.229177619302302
25.247611056148106
28.10474497792502
29.707598212215537
29.91481325649885
28.761059188107993
26.255657436569127
22.52768819151618
17.713724192895477
12.10853174829425
5.976738517823855
-0.4425799257890037
-6.749664216801763
-12.807141465197928
-18.25407369518566
-22.88705591843896
-26.51214051563006
-28.90075694639731
-29.954079376692135
-29.618391504156698
-27.923624536489342
-24.92703553615345
-20.726524357560454
-15.60848734213063
-9.744423784076838
-3.463394363298504
2.9585202829862443
9.41205544468273
15.226767931615756
27.651058560476798
29.49774570662683
29.98496647915464
29.109522462575654
26.912255489425128
23.509282288871283
18.98456656326139
13.616672882073216
7.651507426822837
1.3711742522767953
-5.08216525193114
-11.229541282652976
-16.841319246281184
-21.696242530014466
-25.635106237084635
-28.352204494625074
-29.799177349115705
-29.856430104298003
-28.55224090300305
-25.913084837204558
-22.101154505555275
-17.30895305118214
-11.676354983797136
-5.535512652162374
0.8870900082958812
7.269842681656715
13.330456720061736
18.71865924867799
23.347108799548856
26.812026187668465
29.055832756282115
29.97922644671268
29.516495228510834
27.691170125051844
24.50273407945887
20.271033570302496
15.045193711312779
9.20615293997405
2.955558314309051
-3.4163914812415315
-9.74126892212659
-15.605641658972242
-20.7422874315565
-24.911669388729624
-27.912462729607444
-28.95565098650625
-26.587243210898524
-22.98798706201639
-18.398322897911463
-12.882206263863756
-6.783708305421062
-0.27020575519813217
6.157862794060318
12.225894060082801
17.726058757436952
22.50042018297846
26.189832733276212
28.694865872368805
29.905153041675433
29.71747388076898
28.164982718240875
25.33901585774329
21.31016515219204
16.329049808498475
10.545115251797865
4.341250940483223
-2.075242708750457
-8.42849397723665
-24.05816729006997
-27.324093545799713
-29.352407453405448
-29.9987144056741
-29.24804677313252
-27.127776488508673
-23.749105809222883
-19.26511307724285
-13.890037503711365
-7.8515396652305185
-1.5402928863562881
4.997999340774008
11.167823090709943
16.895414910027732
21.845019692579445
25.701498736247842
28.404002098042884
29.80524605696901
29.846175918611138
28.5126157318224
25.81626831518316
21.989331039312408
17.162524452037285
11.47990714392276
5.2990672088997215
-1.06951935676154
-7.4870593026463395
-13.510237169732731
-18.882247301144
-23.373438521408627
-26.82942596017505
-29.07334219264308
-29.984677731798662
-29.49729697329162
-27.637606235598305
-24.537061333290758
-20.277596738428976
-15.12008017946728
-9.180957813650977
-2.8398846617196165
3.5942419659101383
9.892670658991095
15.699446999462587
20.798950257731825
24.955335861491072
27.938854181008804
29.6156370723879
29.953821889409536
28.894824553570732
26.48614312018659
22.807343321624593
18.096595592326608
12.629131344921728
6.523356802236942
0.17284724495431456
-6.142472464845713
-12.337668212883578
-17.834854193698
-22.60606337169416
-26.31903756645834
-28.76985222723801
-29.918060795956233
-29.683558035855633
-28.06513991461719
-25.189993456755772
-21.1850487544283
-16.141536030509002
-10.412702807815306
-4.048276671259625
2.3149261748181895
8.629813545689512
14.541877963243147
19.7545912999558
24.130434148906595
27.486756957010165
29.41234601493121
29.995459588119175
29.063748881404894
26.79018668200893
12.809135483598961
6.386060847404519
-0.04943168279573285
-6.464224042138056
-12.574173405935877
-18.10842848251308
-22.792482205763097
-26.478346727193106
-28.890363129747005
-29.950039262910614
-29.623259258242896
-27.928860804144335
-24.95059549419978
-20.69745531982575
-15.552670546793557
-9.712360189082926
-3.517111855815723
2.9296951050462976
9.26512690403031
15.190988684351607
20.372102656095763
24.61411893149254
27.68842744950697
29.499338937773185
29.983250631299097
29.070523220824256
26.793478942725656
23.27561715779816
18.7085571752102
13.25456418238242
7.231884816802186
0.7371432067190622
-5.707214371264239
-11.81585022433367
-17.38070602812733
-22.16752182375349
-25.97533576809489
-28.63207386524767
-29.88814759516295
-29.750153017567765
-28.23126418852255
-25.40765044205187
-21.3774893677905
-16.31832715889188
-10.574670797285334
-4.263683110924851
2.2045724604632166
8.6063483834278
14.553482935975007
20.131842343739443
24.419196279096226
27.581254985021765
29.463483524083294
29.990725704385518
29.13132311021638
26.877268531976437
23.38947707399574
18.83544590998796
13.332790506621876
7.301199046351848
0.9092510429862859
-5.518600101358871
-11.668441790390428
-17.25270049225481
-22.0598098153513
-25.856251421788347
-28.507765003934434
-29.849664107859628
-29.807715969404423
-28.3765390377217
-25.303529369109388
-21.234925936108493
-16.259076797905525
-10.464840787284722
-4.293508910770818
2.1088851524905348
8.432873641207976
17.389271071596593
22.24924400986314
26.130700882218484
28.69246901486255
29.896993230209112
29.735665292993623
28.189261530877552
25.375358963918515
21.326078364515446
16.37287210564165
10.61200868950703
4.315619691554184
-2.120893789481899
-8.483762445291735
-14.463553310317568
-19.78303836623459
-24.152313078983443
-27.40466343260135
-29.3835573963408
-29.998453223402212
-29.21942595938709
-27.097431858834195
-23.724982132509044
-19.25893783923735
-13.933009631827407
-7.983162341114438
-1.544834822881116
4.923133500903243
11.056459172005642
16.770160969506183
21.706362686667514
25.58382062534736
28.361090133058134
29.79796303831618
29.856455275818714
28.55194403316559
25.95077743586964
22.172434398666415
17.23964053095854
11.604955483596338
5.487172354391133
-0.9291312262965118
-7.328092654563909
-13.469667048390072
-19.09343976555272
-23.60143290260449
-27.002368190882375
-29.177607377349688
-29.994494274361337
-29.44047078842767
-27.51094247004332
-24.293556303461678
-19.99988814680998
-14.744034683820791
-8.785266849795319
-2.4222821275766577
4.134577537890919
10.287449585666472
16.071046259165186
21.139194177139707
25.212841139584384
28.079990669178834
29.69769066891436
29.91866164677506
28.763245463813973
26.28668753617418
22.565934279753165
17.866654997026615
12.213236319888892
6.0643085670132555
-0.340618706928678
-6.772775840926338
-12.83229057082575
-18.33973134938503
-23.060463988957316
-26.59800970993174
-28.921782312979314
-29.95434653644516
-29.62285951793826
-27.945123347590496
-24.85694428422849
-20.67951066743829
-15.628176815400382
-9.79655446067452
-3.49817629446369
2.9116435729872716
9.341073325155714
15.200280497009587
20.347710345107195
24.59872471473291
27.702225719213157
29.52830941451039
29.96009971582856
28.95922592897128
26.58776265140786
22.984665342371937
18.31967613808817
12.82075760610028
6.619449391823599
0.21477012694364148
-6.181374452532886
-12.345264057031654
-17.952507214360345
-22.66926058680235
-26.39205756430776
-28.84237171393739
-29.940943925004177
-29.64771559876685
-27.990457015742916
-25.034174439948366
-20.883408097810637
-15.783335536744046
-9.932313092855855
-3.6484185180631172
2.816820884726702
9.05541195896084
14.959978733050166
20.12962650824472
24.36991466790274
27.534247180796438
29.437511323245744
29.99436486586369
29.158629082113176
26.98689687562912
23.57255884122166
19.08522292941316
13.698257838795245
7.642899772302076
-0.6567431785076108
-7.312182021807596
-13.37108794227357
-18.746314948203793
-23.313752214842278
-26.80373062865107
-29.093090043334286
-29.986371060625224
-29.49058150494081
-27.623580378641105
-24.481806574493948
-20.281385945947996
-14.899450793797948
-9.009980488353689
-2.700542186301584
3.8640195821538685
10.154849967347637
15.967738735128796
21.486548102168
25.53315202297232
28.283607893945064
-20.48982794739868
-15.329406479356525
-9.495415039858708
-3.195894885926622
3.2045735161586433
9.478867432773141
15.319717691260955
20.434113340849073
24.62052929741778
27.707791186552853
29.539905299207454
29.973212370952616
28.998748249010358
26.15450216596381
22.415004837070246
17.632129245570894
12.108137464477126
6.019412827801577
-0.39903944676453734
-6.799048590085522
-12.890734756464678
-18.331257613510008
-22.925293008265232
-26.51264761052134
-28.881264554714928
-29.94621248677963
-29.63835592482719
-27.97759430697836
-25.059474737909238
-21.001803839204094
-16.003528485648765
-10.253712655637322
-4.074107157812697
2.295210197488089
8.53688854696641
14.429489675866206
19.715949546287618
24.046840872396494
27.339595066565373
29.309029571902425
27.280074539603373
24.03412623897464
19.48050061565769
14.221019426250885
7.269966618514459
0.9275128518344069
-5.473898204471036
-11.859706975996263
-17.549542945219578
-22.40988558124854
-26.144574284678892
-28.675131517063576
-29.897295775399417
-29.74589921010077
-28.25408606787087
-25.47347838877067
-21.473245860559526
-16.474979542414296
-10.726052324607773
-4.517106505302799
1.980368054963659
8.34856194230567
14.306843239809181
19.586654927930354
23.997023327469748
27.294831252811203
29.315209654202267
29.999976686998632
29.303276379221476
27.24533667944959
23.970985325648957
19.620424346882327
14.340535950755612
8.427600058394175
2.1251826009515358
-4.274051607095285
-10.502115275789684
-16.263808710433672
-21.238818515597643
-25.240477374855164
-28.09981636525903
-29.69505157334637
-29.920073043119803
-28.777614892614785
-26.304324411893248
-22.622142790285324
-17.903698167640755
-12.316727843204674
-6.112800335451805
0.2911115749696483
6.651007514266838
12.804574140098417
18.295544450395784
22.92052584874167
26.506249783204627
28.87926348033143
29.946522672718785
29.635603017425506
27.984788243633897
25.060080944828275
20.99361323786825
15.999143109966477
10.242939657292814
4.019166684471847
-2.3630191584488727
-8.662246764085994
-14.56056381092236
-19.767167768370392
-24.117380586638653
-27.333965150302667
-29.33121127701955
-29.999946596777782
-29.289669752284844
-27.247813342716842
-23.932924978635263
-19.558279342979535
-14.339808123293857
-8.4289430947579
-2.0825951761690153
4.261179437509511
10.457169208248178
16.170899257977396
21.1550146863004
25.19826398358357
28.092456637966684
29.6856025558336
29.92323394365348
28.76508804923006
26.30493106403789
22.595016107082785
17.785943052047724
12.21914764039721
6.0214208144247
-0.41584235399642167
-6.815411241351644
-12.928588416232232
-18.409113501426912
-23.033039075404005
-26.75176312501861
-29.023839281445344
-29.977660248494995
-29.51826934915306
-27.69257508672768
-24.569914274507934
-20.250537390921696
-15.037468277463654
-9.191659819922302
-2.952927694000709
3.3940408871619447
9.60696734798891
15.441217254133145
20.548176832610174
24.726073143370666
27.780200319133733
29.551977900191375
29.972387347745673
28.928493927589113
26.605893135349376
23.0460769700798
18.419983667602278
13.002999871178824
7.00589653373924
0.6093375996954664
-5.839546289129353
-12.015715112618459
-17.571963374042625
-22.355434422301837
-26.116737179952977
-28.719052371139888
-29.905927104526562
-29.7217005614456
-28.159986416536604
-25.33652728728009
-21.323589677572865
-16.285559482927823
-10.52636486095866
-4.2561390464955196
2.205897693509769
8.505260736112296
14.450131516435935
19.710016961502998
24.090902233083664
27.354441339476143
29.354652394399853
29.99928636241885
29.251215345544043
27.093527432683562
23.704009230282686
19.213382404502266
13.81908738015514
7.786437186170725
1.378832541907002
-5.130333740668176
-11.3388777073792
-16.949207456257945
-21.868114795033325
-25.70915835932036
-28.417157372930966
-29.824878372082168
-29.831008384903413
-28.47577652551032
-25.796030228619355
-20.216219608659888
-15.015192914829612
-9.071755534518577
-2.7433989933287832
3.746076667339767
10.084313910717295
15.861605439969894
20.96293141398703
25.119228837222714
28.050316669089657
29.679297134668793
29.92910911384222
28.78700849692996
26.1596310572799
22.380155222679548
17.548983582068352
11.979604140996143
5.863372602664667
-0.4828163811784443
-6.917322016520549
-13.017318042381573
-18.452055299705567
-23.083935048980038
-26.60711860788805
-28.928921777587618
-29.958682044659188
-29.588783719703528
-27.826794977151117
-24.78549573030429
-20.574444880185855
-15.439835260219802
-9.658997841601321
-3.330006888314474
3.192971474450352
9.509502169865975
15.37083956136685
20.475615580768977
24.669738643485395
27.755118332476165
29.54603081585836
29.974229355277824
29.033950871477618
26.7429482398692
21.531323027805325
16.423762911888456
10.680580600687374
4.512458907479947
-1.972506749378639
-8.268528599512605
-14.172706159721432
-19.513952123845893
-23.950754165289343
-27.23650495946139
-29.297404013104753
-29.999987803783938
-29.315682305745522
-27.277481185465376
-24.017198385919528
-19.593097772905477
-14.286709380716031
-8.284290129999903
-1.9888581659815212
4.4714057318303055
10.635882812526708
16.331055266817177
21.383727442517195
25.412376783889805
28.230024618057403
29.785557806709406
29.86277876930884
28.541531380722905
25.914522746779166
22.072086506242016
17.20208979238161
11.48499412960242
5.282116136777658
-1.1432400375852396
-7.526233588950791
-13.537822673261127
-18.896758085182842
-23.490111186518984
-26.906216478239415
-29.142565241235374
-29.99312627632292
-29.426783194091538
-27.482628465771455
-24.20378511176375
-19.88598852813218
-14.605566965797133
-8.669443823054014
-2.295342912629419
4.192234294341279
10.471775061362893
16.268277091316733
21.25153185959097
25.315397456540634
28.183155092857472
29.731624406271724
29.891103179289253
28.638414045650496
26.071084193433016
22.280989831914233
17.464093890974308
11.825980443174847
5.618926510505258
-0.7255274997972297
-7.1044860026314485
-13.190482881058324
-18.692062365870147
-23.293764280837987
-26.90721205474793
-29.135447476756443
-29.98975450613628
-29.463517853791977
-27.502043484217168
-24.28416401546848
-19.87732613468937
-14.645677003960769
-8.706701844030064
-2.387363422336045
4.074467664860719
10.282242286221525
16.193780512661448
21.246668279251526
25.267749247879784
29.928443683610737
28.791361089521928
26.349523227940647
22.618988041723608
17.956541684586043
12.40137910391971
6.290799121161017
-0.16574694518275113
-6.553220177652976
-12.708151072936754
-18.201029640792406
-22.89231544991273
-26.786360744797435
-29.0541286290594
-29.979603153796837
-29.51692522804975
-27.71618937555538
-24.561985039858964
-20.28670040908791
-15.063573326713527
-9.23832783995727
-2.7890663967753047
3.701022740198604
9.970481843951044
15.801703515660765
20.81293331665175
24.898654722463405
27.914694241644323
29.6106998171989
29.953794459675805
28.907231193779868
26.560477114673965
22.97379296141977
18.249172800616677
12.727392989914415
6.641387900144928
0.174428764630024
-6.208549230726589
-12.359126504232032
-18.32994854390221
-22.97683151390879
-26.576285352998433
-28.946163595048866
-29.963912296361823
-29.5873311890541
-27.823497853279537
-24.773457924949266
-20.650229432863387
-15.56678834341464
-9.751744246943407
-3.5335045156397102
2.9695582010832293
9.213548522006906
15.117097951243663
20.33228059685228
24.579490610197364
27.686908544658813
29.524594808609667
29.978935970258455
29.043365165797717
26.758416080904727
23.2225141616902
18.6234043420539
29.619059121871793
29.95119986209193
28.89918313493363
26.49594197160482
22.872686443169517
18.229788492856922
12.760443873879128
6.7396625420741385
0.4071938850498348
-6.029881571297912
-20.26489163415873
-24.75675832648649
-28.05078398134068
-29.668404101985953
-29.936580812921513
-28.839135029967835
-26.413319635910923
-22.764182712361535
-18.113834962115675
-12.620260306452074
-6.513792145187215
-0.07506216936826951
12.220476141628927
17.72633314477656
26.131566598094334
28.680258728303862
29.8908491450145
29.754172497254327
28.23336745249618
25.454274332687753
21.53553055114636
16.62810379792554
10.973371452252112
4.7791504613898335
-1.6716620124763681
-7.9662795607549395
-13.967575668523782
-19.341758381259673
-23.761089695337223
-27.133486725701243
-29.246823109395947
-29.997631889237184
-29.399682045628545
-27.42697001095733
-24.19514687751903
-19.825850638390193
-14.55578659510915
-8.682244843265707
-2.315078019312013
4.085496593426757
10.299951837261416
16.114079348640157
21.086139362637866
25.11402108976181
28.035770321505986
29.663985346555844
28.876447412595034
22.958376890234547
12.982375603237333
0.6576811975386408
-11.732346222739514
-17.31458654831932
-22.11104352689221
-25.89138376644683
-28.50785771498072
-29.822312173068557
-25.850764406580247
-21.992739450181922
-17.099591917863346
-11.452623649987968
-5.319482792243285
1.0326217211587074
13.30710062795523
18.716122935507244
26.71394364241379
29.96640504787979
27.829467672001943
24.80013775745294
20.629881730508036
15.467496622672382
9.68361460965186
3.44325449210971
-2.95367559213359
-9.186397147109963
-15.038109306592156
-20.19075831985479
-24.42161200454015
-27.558117248700945
-29.99517340694928
-27.113159807751416
-19.416699691459364
-8.296683293203643
4.315681558688185
16.16703595867143
25.134622582293986
29.64477156173244
28.91061127197916
23.05075255547007
18.139112425464223
6.660195542404088
-6.091991501374316
-17.787434509115926
-26.165643843967565
-28.715170493585276
-29.739457632614915
-28.235353936928036
-25.46071185998857
-16.617302492254197
-10.915300854351417
-4.680374281191628
1.7903737775759432
13.978280622968398
19.269239676928684
27.02733298666305
29.177789051022913
29.992835696028486
27.58526924863309
24.42513646004893
15.037917707234687
3.03606559886634
-9.46595107015706
-20.351582300614808
-27.618087041713476
-29.99364898201059
-29.16885337797725
-23.667491057783906
-19.22074009542333
-7.977592449625179
-1.70219540086216
4.767607538268121
16.899767565191155
25.596670517311154
29.766953412579376
28.667077040510485
26.14657449376328
17.76301478844721
12.17592090699352
-0.28721063495817106
-12.584691179226576
-22.660569756205337
-28.750571651934557
-29.733063369178332
-25.49773293126997
-16.697037718847785
-4.883259265851423
7.741484508250888
13.721366945078486
23.506286449875375
26.92399688806136
29.985797379542966
27.713447976627105
20.543866603532905
9.738182853743364
-2.7836781002955338
-14.819119705435524
-19.984577020363933
-27.447236375140122
-29.999089291223676
-27.231510465963126
-19.647677547307328
-8.630907130060972
3.9768735604516303
10.171780753228852
20.932038758288144
25.03732215387856
29.619094476556295
28.942628900140747
23.07314309605899
13.047385906189081
6.92534417585194
-5.651804764182225
-11.781622957887626
-22.08352520387208
-28.495157455869304
-29.81713752139227
-25.845907273529747
-17.277145522909233
-11.614895049067043
0.7474661252313294
13.023699742098348
